3 3 0 285 1.68805 2.26656 1407.51 1115.63 56242.8 43700.4 5293.73 4395.85 15.2611 0.687873
3 3 1 200 1.62089 2.29019 1411.01 1119.5 56194.9 43619.1 5390.72 4372.97 4.37899 0.964269
3 4 0 190 1.74323 2.15505 1909.66 1622.76 79374.5 66877 8127.22 7177.52 19.4323 1.21074
3 4 1 120 1.72437 2.1921 1927.38 1634.1 79659.1 66890.8 8294.65 7473.17 5.41456 1.6134
3 6 0 120 2.01946 2.21678 3255.83 2983.89 141870 130110 16404.9 14737.3 27.6577 4.73627
3 6 1 45 1.95081 2.24657 3246.06 2960.32 141658 128224 15861.6 14986.4 6.6165 4.05243
3 10 0 15 2.15856 2.20925 7269.99 7109.31 333316 325788 40141.2 40996 35.5389 24.9838
3 10 1 5 2.14138 2.19494 7212.48 6966.38 329164 320817 41417.4 39743.6 14.7174 13.2471
4 3 0 280 1.57098 2.09101 1572.31 1228.98 63316.5 48309.7 5936.18 4818.19 15.4193 0.981662
4 3 1 200 1.57881 2.14225 1587 1234.67 63851 48675.7 5950.44 4900.65 5.07582 0.653075
4 4 0 190 1.55274 1.9312 2123.51 1791.25 89085.2 74388.5 9277.28 7725.43 19.2189 2.34122
4 4 1 130 1.54551 1.96198 2142.72 1828.62 89129.4 74580.5 8966.92 8098.82 6.27039 1.04679
4 6 0 95 1.81463 2.11156 3508.31 3201.26 154354 139335 17803.2 16048.6 25.5111 6.16458
4 6 1 55 1.79659 2.02951 3536.8 3179.57 155231 138861 17236.6 15693.2 8.6968 2.99715
4 10 0 20 2.06708 2.1509 7554.6 7403.56 350344 339965 43082.6 42766.3 38.7911 28.071
4 10 1 10 2.06163 2.10405 7565.75 7429.46 346812 341120 43460.9 39988.6 14.3149 12.4492
